camera_matrix:
- - 5268.070155062416
  - 0.0
  - 582.310229175654
- - 0.0
  - 35921.848458138455
  - 743.2531678505468
- - 0.0
  - 0.0
  - 1.0
dist_coeff:
- - -0.5354035212924557
  - 45.296123941506195
  - -0.0004420847279028912
  - -0.06331604227848033
  - -770.8795751703436
